4	26	1
4	29	1
4	33	1
4	37	1
4	42	1
4	56	1
5	26	1
5	27	2
5	34	2
5	35	2
5	36	2
5	37	1
5	39	1
5	40	2
5	41	1
5	42	2
5	43	3
5	44	2
5	45	2
5	46	1
5	47	2
5	48	1
5	49	3
5	52	2
5	54	1
5	55	1
5	56	1
5	59	1
5	60	1
6	13	1
6	23	1
6	24	1
6	27	1
6	28	1
6	29	4
6	30	2
6	31	3
6	35	2
6	36	2
6	37	3
6	38	3
6	39	5
6	40	6
6	41	4
6	42	3
6	43	1
6	44	5
6	45	4
6	46	5
6	47	4
6	48	1
6	49	3
6	50	2
6	51	5
6	52	7
6	53	4
6	54	2
6	55	5
6	56	3
6	57	3
6	58	1
6	59	1
6	60	3
6	61	1
6	63	2
6	64	3
6	66	1
6	68	1
6	71	1
7	11	2
7	16	1
7	17	1
7	20	1
7	21	1
7	23	2
7	25	2
7	26	2
7	27	3
7	28	5
7	29	4
7	30	2
7	31	8
7	32	7
7	33	7
7	34	8
7	35	7
7	36	8
7	37	13
7	38	14
7	39	9
7	40	5
7	41	13
7	42	13
7	43	11
7	44	11
7	45	12
7	46	13
7	47	13
7	48	15
7	49	16
7	50	12
7	51	6
7	52	13
7	53	16
7	54	14
7	55	8
7	56	7
7	57	9
7	58	4
7	59	6
7	60	6
7	61	5
7	62	2
7	63	2
7	64	1
7	65	1
7	66	1
7	67	1
7	68	3
7	69	1
7	70	1
7	71	2
7	78	1
8	15	1
8	17	1
8	18	3
8	20	1
8	21	2
8	22	3
8	23	1
8	24	7
8	25	6
8	26	6
8	27	6
8	28	6
8	29	14
8	30	9
8	31	15
8	32	16
8	33	18
8	34	27
8	35	18
8	36	30
8	37	28
8	38	31
8	39	31
8	40	31
8	41	30
8	42	21
8	43	29
8	44	26
8	45	35
8	46	41
8	47	30
8	48	42
8	49	26
8	50	24
8	51	35
8	52	30
8	53	29
8	54	25
8	55	15
8	56	21
8	57	19
8	58	17
8	59	16
8	60	10
8	61	12
8	62	7
8	63	9
8	64	9
8	65	6
8	66	3
8	67	7
8	69	2
8	70	3
8	71	1
8	72	1
8	74	1
9	14	2
9	15	1
9	16	1
9	17	1
9	18	1
9	19	4
9	20	3
9	21	4
9	22	4
9	23	3
9	24	10
9	25	16
9	26	11
9	27	15
9	28	24
9	29	25
9	30	27
9	31	19
9	32	40
9	33	31
9	34	48
9	35	37
9	36	56
9	37	49
9	38	59
9	39	59
9	40	78
9	41	83
9	42	76
9	43	91
9	44	74
9	45	76
9	46	84
9	47	63
9	48	70
9	49	67
9	50	57
9	51	67
9	52	70
9	53	48
9	54	55
9	55	37
9	56	42
9	57	47
9	58	39
9	59	29
9	60	31
9	61	22
9	62	26
9	63	19
9	64	11
9	65	7
9	66	5
9	67	5
9	68	3
9	69	4
9	70	7
9	71	6
9	75	1
9	77	1
10	12	1
10	15	2
10	16	1
10	17	6
10	18	3
10	19	5
10	20	5
10	21	12
10	22	12
10	23	19
10	24	17
10	25	23
10	26	35
10	27	33
10	28	41
10	29	55
10	30	54
10	31	66
10	32	65
10	33	66
10	34	97
10	35	104
10	36	121
10	37	99
10	38	126
10	39	135
10	40	116
10	41	162
10	42	137
10	43	160
10	44	163
10	45	153
10	46	150
10	47	161
10	48	131
10	49	147
10	50	125
10	51	122
10	52	132
10	53	128
10	54	107
10	55	85
10	56	75
10	57	65
10	58	57
10	59	66
10	60	47
10	61	37
10	62	15
10	63	14
10	64	24
10	65	12
10	66	12
10	67	7
10	68	5
10	69	7
10	70	3
10	71	1
10	72	1
10	73	3
10	74	1
10	77	1
11	13	2
11	15	1
11	16	6
11	17	4
11	18	3
11	19	4
11	20	19
11	21	17
11	22	17
11	23	27
11	24	31
11	25	32
11	26	54
11	27	66
11	28	93
11	29	90
11	30	91
11	31	151
11	32	139
11	33	195
11	34	162
11	35	200
11	36	213
11	37	210
11	38	263
11	39	248
11	40	240
11	41	279
11	42	264
11	43	274
11	44	302
11	45	288
11	46	262
11	47	257
11	48	268
11	49	253
11	50	228
11	51	199
11	52	197
11	53	198
11	54	161
11	55	146
11	56	133
11	57	93
11	58	99
11	59	99
11	60	75
11	61	65
11	62	62
11	63	32
11	64	38
11	65	23
11	66	14
11	67	17
11	68	13
11	69	8
11	70	4
11	71	4
11	74	6
12	12	2
12	13	3
12	14	1
12	15	3
12	16	8
12	17	12
12	18	13
12	19	26
12	20	29
12	21	35
12	22	52
12	23	65
12	24	76
12	25	93
12	26	104
12	27	118
12	28	156
12	29	171
12	30	228
12	31	214
12	32	298
12	33	278
12	34	294
12	35	383
12	36	371
12	37	375
12	38	438
12	39	476
12	40	515
12	41	509
12	42	476
12	43	499
12	44	469
12	45	495
12	46	477
12	47	423
12	48	458
12	49	426
12	50	401
12	51	351
12	52	352
12	53	312
12	54	273
12	55	284
12	56	214
12	57	192
12	58	151
12	59	138
12	60	127
12	61	98
12	62	75
12	63	62
12	64	52
12	65	43
12	66	24
12	67	19
12	68	9
12	69	9
12	70	6
12	71	5
12	72	2
13	10	1
13	11	1
13	12	2
13	13	1
13	14	5
13	15	7
13	16	5
13	17	13
13	18	20
13	19	32
13	20	48
13	21	66
13	22	70
13	23	83
13	24	136
13	25	150
13	26	181
13	27	210
13	28	256
13	29	306
13	30	344
13	31	373
13	32	448
13	33	504
13	34	578
13	35	556
13	36	665
13	37	646
13	38	668
13	39	685
13	40	731
13	41	771
13	42	798
13	43	676
13	44	754
13	45	752
13	46	747
13	47	697
13	48	674
13	49	637
13	50	605
13	51	598
13	52	523
13	53	438
13	54	441
13	55	361
13	56	324
13	57	275
13	58	235
13	59	211
13	60	157
13	61	145
13	62	102
13	63	81
13	64	64
13	65	45
13	66	42
13	67	23
13	68	24
13	69	11
13	70	13
13	71	6
13	72	5
13	74	2
14	11	1
14	13	7
14	14	5
14	15	15
14	16	15
14	17	20
14	18	43
14	19	43
14	20	63
14	21	97
14	22	120
14	23	143
14	24	186
14	25	235
14	26	311
14	27	359
14	28	416
14	29	472
14	30	559
14	31	617
14	32	694
14	33	785
14	34	875
14	35	930
14	36	1005
14	37	982
14	38	1096
14	39	1141
14	40	1172
14	41	1169
14	42	1135
14	43	1198
14	44	1194
14	45	1112
14	46	1136
14	47	1105
14	48	1019
14	49	934
14	50	838
14	51	818
14	52	726
14	53	738
14	54	607
14	55	528
14	56	440
14	57	419
14	58	333
14	59	249
14	60	222
14	61	160
14	62	138
14	63	111
14	64	83
14	65	66
14	66	35
14	67	34
14	68	17
14	69	14
14	70	8
14	71	6
14	72	2
14	73	2
14	74	1
15	10	1
15	11	1
15	13	5
15	14	11
15	15	18
15	16	23
15	17	37
15	18	44
15	19	80
15	20	103
15	21	132
15	22	202
15	23	254
15	24	310
15	25	383
15	26	452
15	27	527
15	28	661
15	29	775
15	30	867
15	31	980
15	32	1098
15	33	1165
15	34	1228
15	35	1307
15	36	1526
15	37	1602
15	38	1626
15	39	1631
15	40	1743
15	41	1751
15	42	1800
15	43	1736
15	44	1739
15	45	1702
15	46	1593
15	47	1502
15	48	1440
15	49	1357
15	50	1215
15	51	1186
15	52	1042
15	53	896
15	54	754
15	55	678
15	56	619
15	57	488
15	58	444
15	59	348
15	60	293
15	61	211
15	62	176
15	63	134
15	64	92
15	65	84
15	66	59
15	67	31
15	68	26
15	69	8
15	70	14
15	71	4
15	72	4
15	73	2
16	9	3
16	10	2
16	11	3
16	12	11
16	13	9
16	14	18
16	15	24
16	16	44
16	17	73
16	18	107
16	19	139
16	20	177
16	21	232
16	22	315
16	23	363
16	24	471
16	25	602
16	26	696
16	27	823
16	28	970
16	29	1129
16	30	1303
16	31	1430
16	32	1605
16	33	1842
16	34	1900
16	35	2026
16	36	2127
16	37	2359
16	38	2364
16	39	2449
16	40	2462
16	41	2541
16	42	2417
16	43	2552
16	44	2420
16	45	2377
16	46	2194
16	47	2066
16	48	1934
16	49	1851
16	50	1686
16	51	1521
16	52	1338
16	53	1260
16	54	1007
16	55	851
16	56	727
16	57	632
16	58	513
16	59	418
16	60	320
16	61	242
16	62	204
16	63	127
16	64	90
16	65	69
16	66	63
16	67	29
16	68	23
16	69	11
16	70	6
16	71	5
16	72	2
16	73	1
17	8	1
17	10	1
17	11	4
17	12	13
17	13	12
17	14	26
17	15	41
17	16	66
17	17	81
17	18	127
17	19	170
17	20	233
17	21	309
17	22	443
17	23	537
17	24	669
17	25	821
17	26	987
17	27	1197
17	28	1358
17	29	1606
17	30	1771
17	31	2039
17	32	2275
17	33	2449
17	34	2685
17	35	2768
17	36	3056
17	37	3252
17	38	3228
17	39	3351
17	40	3387
17	41	3373
17	42	3300
17	43	3336
17	44	3339
17	45	3083
17	46	2929
17	47	2798
17	48	2606
17	49	2387
17	50	2129
17	51	1986
17	52	1704
17	53	1446
17	54	1243
17	55	1127
17	56	911
17	57	714
17	58	638
17	59	478
17	60	370
17	61	257
17	62	228
17	63	146
17	64	125
17	65	74
17	66	58
17	67	29
17	68	27
17	69	11
17	70	7
17	71	2
17	72	1
17	74	1
18	8	1
18	9	4
18	10	2
18	11	7
18	12	12
18	13	25
18	14	38
18	15	55
18	16	92
18	17	130
18	18	185
18	19	240
18	20	363
18	21	444
18	22	608
18	23	726
18	24	946
18	25	1235
18	26	1399
18	27	1681
18	28	1959
18	29	2234
18	30	2494
18	31	2756
18	32	3143
18	33	3316
18	34	3558
18	35	3832
18	36	4157
18	37	4145
18	38	4430
18	39	4519
18	40	4495
18	41	4460
18	42	4357
18	43	4249
18	44	4197
18	45	4008
18	46	3729
18	47	3528
18	48	3256
18	49	3035
18	50	2769
18	51	2404
18	52	2095
18	53	1798
18	54	1511
18	55	1264
18	56	1060
18	57	815
18	58	644
18	59	535
18	60	407
18	61	314
18	62	205
18	63	148
18	64	97
18	65	85
18	66	52
18	67	24
18	68	18
18	69	4
18	70	3
18	71	4
18	72	2
18	73	1
19	8	1
19	9	3
19	10	4
19	11	10
19	12	22
19	13	26
19	14	67
19	15	80
19	16	119
19	17	198
19	18	246
19	19	374
19	20	471
19	21	602
19	22	794
19	23	1023
19	24	1320
19	25	1584
19	26	1901
19	27	2237
19	28	2577
19	29	2937
19	30	3347
19	31	3706
19	32	4077
19	33	4463
19	34	4785
19	35	5182
19	36	5274
19	37	5572
19	38	5628
19	39	5666
19	40	5860
19	41	5685
19	42	5826
19	43	5508
19	44	5317
19	45	5059
19	46	4727
19	47	4407
19	48	3990
19	49	3648
19	50	3128
19	51	2732
19	52	2459
19	53	2113
19	54	1801
19	55	1466
19	56	1190
19	57	982
19	58	719
19	59	574
19	60	420
19	61	270
19	62	226
19	63	162
19	64	116
19	65	60
19	66	41
19	67	24
19	68	16
19	69	7
19	70	7
19	71	2
19	72	1
20	8	2
20	9	2
20	10	8
20	11	13
20	12	28
20	13	46
20	14	60
20	15	104
20	16	180
20	17	251
20	18	352
20	19	488
20	20	691
20	21	882
20	22	1106
20	23	1424
20	24	1778
20	25	2077
20	26	2530
20	27	3037
20	28	3436
20	29	3943
20	30	4386
20	31	4908
20	32	5252
20	33	5837
20	34	6034
20	35	6690
20	36	6717
20	37	7130
20	38	7138
20	39	7278
20	40	7330
20	41	7078
20	42	7008
20	43	6684
20	44	6386
20	45	6011
20	46	5719
20	47	5011
20	48	4726
20	49	4216
20	50	3728
20	51	3162
20	52	2705
20	53	2222
20	54	1970
20	55	1594
20	56	1192
20	57	961
20	58	784
20	59	583
20	60	416
20	61	283
20	62	183
20	63	149
20	64	96
20	65	55
20	66	41
20	67	17
20	68	9
20	69	10
20	70	1
20	72	1
20	75	1
21	8	3
21	9	3
21	10	3
21	11	23
21	12	29
21	13	55
21	14	107
21	15	151
21	16	241
21	17	328
21	18	433
21	19	644
21	20	857
21	21	1132
21	22	1506
21	23	1839
21	24	2285
21	25	2747
21	26	3370
21	27	3775
21	28	4497
21	29	5034
21	30	5683
21	31	6049
21	32	6808
21	33	7332
21	34	7744
21	35	8178
21	36	8561
21	37	8690
21	38	8821
21	39	8841
21	40	8880
21	41	8623
21	42	8511
21	43	8201
21	44	7576
21	45	6881
21	46	6450
21	47	6030
21	48	5306
21	49	4599
21	50	4104
21	51	3428
21	52	3103
21	53	2416
21	54	1965
21	55	1629
21	56	1288
21	57	958
21	58	739
21	59	517
21	60	407
21	61	287
21	62	179
21	63	109
21	64	68
21	65	40
21	66	25
21	67	11
21	68	7
21	69	2
22	6	2
22	7	1
22	8	2
22	9	8
22	10	12
22	11	24
22	12	32
22	13	87
22	14	121
22	15	216
22	16	282
22	17	422
22	18	593
22	19	838
22	20	1104
22	21	1487
22	22	1799
22	23	2307
22	24	2880
22	25	3525
22	26	4122
22	27	4886
22	28	5546
22	29	6329
22	30	7000
22	31	7716
22	32	8414
22	33	9052
22	34	9508
22	35	9901
22	36	10238
22	37	10386
22	38	10579
22	39	10588
22	40	10325
22	41	9975
22	42	9616
22	43	9162
22	44	8679
22	45	8030
22	46	7343
22	47	6736
22	48	5908
22	49	5037
22	50	4384
22	51	3845
22	52	3209
22	53	2598
22	54	2076
22	55	1655
22	56	1305
22	57	947
22	58	685
22	59	544
22	60	367
22	61	239
22	62	154
22	63	103
22	64	56
22	65	28
22	66	19
22	67	9
22	68	3
22	69	2
22	70	2
23	7	1
23	8	4
23	9	7
23	10	22
23	11	23
23	12	52
23	13	100
23	14	167
23	15	236
23	16	366
23	17	579
23	18	777
23	19	1013
23	20	1359
23	21	1854
23	22	2351
23	23	2941
23	24	3575
23	25	4264
23	26	5139
23	27	5861
23	28	6785
23	29	7660
23	30	8597
23	31	9527
23	32	10065
23	33	10789
23	34	11386
23	35	11906
23	36	12442
23	37	12579
23	38	12567
23	39	12462
23	40	12227
23	41	11531
23	42	11101
23	43	10561
23	44	9734
23	45	9036
23	46	8185
23	47	7144
23	48	6273
23	49	5385
23	50	4574
23	51	3847
23	52	3250
23	53	2634
23	54	2135
23	55	1611
23	56	1212
23	57	961
23	58	650
23	59	466
23	60	301
23	61	199
23	62	137
23	63	74
23	64	40
23	65	19
23	66	14
23	67	7
23	68	1
24	6	1
24	7	2
24	9	11
24	10	27
24	11	27
24	12	72
24	13	119
24	14	208
24	15	323
24	16	456
24	17	698
24	18	927
24	19	1216
24	20	1702
24	21	2213
24	22	2883
24	23	3555
24	24	4378
24	25	5346
24	26	6237
24	27	7283
24	28	8187
24	29	9039
24	30	10285
24	31	11175
24	32	11883
24	33	12702
24	34	13314
24	35	13890
24	36	14072
24	37	14060
24	38	14281
24	39	14062
24	40	13487
24	41	12811
24	42	12456
24	43	11523
24	44	10757
24	45	9495
24	46	8789
24	47	7639
24	48	6763
24	49	5708
24	50	4755
24	51	3915
24	52	3124
24	53	2622
24	54	2032
24	55	1568
24	56	1081
24	57	834
24	58	563
24	59	388
24	60	242
24	61	164
24	62	99
24	63	54
24	64	27
24	65	20
24	66	3
24	67	8
24	68	3
24	69	1
25	6	1
25	7	1
25	8	3
25	9	12
25	10	19
25	11	52
25	12	94
25	13	160
25	14	210
25	15	371
25	16	567
25	17	878
25	18	1156
25	19	1613
25	20	2049
25	21	2766
25	22	3490
25	23	4314
25	24	5270
25	25	6315
25	26	7426
25	27	8471
25	28	9487
25	29	10843
25	30	11911
25	31	12846
25	32	13806
25	33	14504
25	34	15115
25	35	15760
25	36	15903
25	37	16112
25	38	16033
25	39	15679
25	40	14911
25	41	14237
25	42	13381
25	43	12405
25	44	11489
25	45	10105
25	46	9092
25	47	7914
25	48	6845
25	49	5669
25	50	4710
25	51	3816
25	52	3053
25	53	2391
25	54	1822
25	55	1385
25	56	999
25	57	693
25	58	485
25	59	290
25	60	217
25	61	114
25	62	69
25	63	38
25	64	9
25	65	6
25	66	2
26	7	1
26	8	5
26	9	12
26	10	25
26	11	51
26	12	101
26	13	178
26	14	334
26	15	441
26	16	683
26	17	1034
26	18	1403
26	19	1956
26	20	2501
26	21	3250
26	22	4087
26	23	5139
26	24	6140
26	25	7334
26	26	8653
26	27	9893
26	28	11151
26	29	12458
26	30	13801
26	31	14810
26	32	15774
26	33	16667
26	34	17265
26	35	17600
26	36	17834
26	37	17825
26	38	17299
26	39	17112
26	40	16016
26	41	15342
26	42	14254
26	43	13112
26	44	11812
26	45	10460
26	46	9067
26	47	7912
26	48	6653
26	49	5678
26	50	4671
26	51	3825
26	52	2910
26	53	2220
26	54	1700
26	55	1167
26	56	838
26	57	542
26	58	418
26	59	240
26	60	149
26	61	81
26	62	43
26	63	16
26	64	5
26	65	3
27	6	1
27	7	1
27	8	10
27	9	17
27	10	32
27	11	75
27	12	131
27	13	227
27	14	397
27	15	566
27	16	801
27	17	1219
27	18	1658
27	19	2338
27	20	2933
27	21	3911
27	22	4782
27	23	6007
27	24	7260
27	25	8550
27	26	9839
27	27	11486
27	28	12720
27	29	14212
27	30	15517
27	31	16803
27	32	17559
27	33	18331
27	34	18993
27	35	19180
27	36	19524
27	37	19498
27	38	18494
27	39	17963
27	40	17128
27	41	15897
27	42	15035
27	43	13469
27	44	11778
27	45	10607
27	46	9303
27	47	7826
27	48	6558
27	49	5353
27	50	4399
27	51	3426
27	52	2521
27	53	1920
27	54	1361
27	55	1036
27	56	638
27	57	427
27	58	323
27	59	167
27	60	95
27	61	51
27	62	19
27	63	14
27	64	4
27	65	1
28	6	1
28	7	3
28	8	12
28	9	24
28	10	38
28	11	73
28	12	160
28	13	261
28	14	421
28	15	627
28	16	990
28	17	1330
28	18	2033
28	19	2600
28	20	3456
28	21	4296
28	22	5637
28	23	6755
28	24	8148
28	25	9818
28	26	11316
28	27	12871
28	28	14300
28	29	15599
28	30	17118
28	31	18499
28	32	19356
28	33	20295
28	34	20827
28	35	20785
28	36	20900
28	37	20370
28	38	19772
28	39	18870
28	40	17862
28	41	16582
28	42	15034
28	43	13478
28	44	11842
28	45	10435
28	46	8829
28	47	7398
28	48	6089
28	49	4913
28	50	3961
28	51	2980
28	52	2229
28	53	1670
28	54	1191
28	55	824
28	56	546
28	57	341
28	58	182
28	59	115
28	60	44
28	61	36
28	62	9
28	63	7
28	64	3
29	3	1
29	4	1
29	6	2
29	7	2
29	8	13
29	9	31
29	10	49
29	11	96
29	12	205
29	13	329
29	14	482
29	15	776
29	16	1113
29	17	1597
29	18	2203
29	19	2929
29	20	3863
29	21	4979
29	22	6234
29	23	7656
29	24	9212
29	25	10904
29	26	12433
29	27	14206
29	28	15751
29	29	17319
29	30	18887
29	31	19889
29	32	20764
29	33	21576
29	34	22155
29	35	22008
29	36	22074
29	37	21320
29	38	20331
29	39	19469
29	40	18194
29	41	16529
29	42	14928
29	43	13010
29	44	11729
29	45	9989
29	46	8346
29	47	6912
29	48	5508
29	49	4331
29	50	3492
29	51	2485
29	52	1898
29	53	1390
29	54	914
29	55	613
29	56	383
29	57	250
29	58	123
29	59	90
29	60	38
29	61	17
29	62	5
29	63	5
30	6	1
30	7	5
30	8	9
30	9	18
30	10	53
30	11	102
30	12	205
30	13	334
30	14	570
30	15	856
30	16	1281
30	17	1755
30	18	2580
30	19	3328
30	20	4391
30	21	5719
30	22	7024
30	23	8588
30	24	10188
30	25	11991
30	26	13667
30	27	15455
30	28	17190
30	29	18793
30	30	20126
30	31	21375
30	32	22127
30	33	22385
30	34	22766
30	35	23019
30	36	22404
30	37	21639
30	38	20666
30	39	19473
30	40	17899
30	41	16365
30	42	14432
30	43	13016
30	44	10921
30	45	9153
30	46	7823
30	47	6214
30	48	5070
30	49	3840
30	50	2906
30	51	2222
30	52	1527
30	53	1095
30	54	710
30	55	419
30	56	271
30	57	143
30	58	83
30	59	47
30	60	18
30	61	4
30	64	1
31	6	1
31	7	1
31	8	12
31	9	24
31	10	64
31	11	134
31	12	235
31	13	406
31	14	605
31	15	924
31	16	1427
31	17	1970
31	18	2824
31	19	3682
31	20	4832
31	21	6223
31	22	7733
31	23	9451
31	24	11089
31	25	13050
31	26	14561
31	27	16738
31	28	18141
31	29	20072
31	30	21303
31	31	22228
31	32	23298
31	33	23631
31	34	23606
31	35	23423
31	36	22827
31	37	21744
31	38	20810
31	39	18978
31	40	17555
31	41	15832
31	42	13762
31	43	11979
31	44	10093
31	45	8589
31	46	6927
31	47	5528
31	48	4362
31	49	3345
31	50	2389
31	51	1719
31	52	1134
31	53	780
31	54	533
31	55	308
31	56	183
31	57	87
31	58	50
31	59	21
31	60	10
31	61	4
31	62	1
32	7	7
32	8	17
32	9	28
32	10	60
32	11	134
32	12	265
32	13	413
32	14	732
32	15	1088
32	16	1569
32	17	2259
32	18	3083
32	19	4236
32	20	5359
32	21	6669
32	22	8453
32	23	10260
32	24	12086
32	25	13654
32	26	15564
32	27	17639
32	28	19527
32	29	20894
32	30	22073
32	31	23074
32	32	23681
32	33	24057
32	34	24170
32	35	23534
32	36	22771
32	37	21592
32	38	20431
32	39	18327
32	40	16804
32	41	14825
32	42	12900
32	43	10958
32	44	9205
32	45	7528
32	46	6150
32	47	4726
32	48	3608
32	49	2693
32	50	1890
32	51	1306
32	52	869
32	53	596
32	54	374
32	55	223
32	56	100
32	57	49
32	58	30
32	59	7
32	60	4
32	61	1
32	62	1
33	5	2
33	6	2
33	7	4
33	8	13
33	9	31
33	10	60
33	11	162
33	12	296
33	13	473
33	14	780
33	15	1213
33	16	1818
33	17	2426
33	18	3344
33	19	4667
33	20	5772
33	21	7205
33	22	8720
33	23	10790
33	24	12558
33	25	14725
33	26	16648
33	27	18309
33	28	20273
33	29	21725
33	30	22833
33	31	23718
33	32	24347
33	33	24295
33	34	23916
33	35	23306
33	36	22242
33	37	20850
33	38	19270
33	39	17539
33	40	15548
33	41	13697
33	42	11788
33	43	9660
33	44	8097
33	45	6611
33	46	5093
33	47	3917
33	48	2885
33	49	2154
33	50	1447
33	51	875
33	52	624
33	53	364
33	54	240
33	55	114
33	56	59
33	57	31
33	58	11
33	59	4
34	4	1
34	6	1
34	7	7
34	8	22
34	9	50
34	10	102
34	11	185
34	12	291
34	13	529
34	14	879
34	15	1235
34	16	1923
34	17	2690
34	18	3622
34	19	4935
34	20	6207
34	21	7786
34	22	9384
34	23	11338
34	24	13208
34	25	15410
34	26	17199
34	27	18808
34	28	20641
34	29	22044
34	30	23116
34	31	23534
34	32	23966
34	33	24081
34	34	23665
34	35	22398
34	36	21350
34	37	19638
34	38	17838
34	39	16196
34	40	14137
34	41	12277
34	42	10434
34	43	8745
34	44	7043
34	45	5644
34	46	4172
34	47	3050
34	48	2297
34	49	1578
34	50	1040
34	51	654
34	52	388
34	53	234
34	54	120
34	55	52
34	56	27
34	57	18
34	58	5
34	59	3
35	6	2
35	7	4
35	8	19
35	9	55
35	10	131
35	11	200
35	12	338
35	13	611
35	14	944
35	15	1402
35	16	2106
35	17	2889
35	18	3939
35	19	5069
35	20	6496
35	21	8005
35	22	10052
35	23	12002
35	24	13835
35	25	15847
35	26	17645
35	27	19376
35	28	20806
35	29	22054
35	30	23080
35	31	23535
35	32	23415
35	33	23243
35	34	22869
35	35	21645
35	36	19968
35	37	18570
35	38	16813
35	39	14900
35	40	12689
35	41	10552
35	42	9155
35	43	7323
35	44	5774
35	45	4522
35	46	3351
35	47	2386
35	48	1660
35	49	1036
35	50	719
35	51	464
35	52	289
35	53	122
35	54	76
35	55	33
35	56	14
35	57	5
35	58	1
36	5	3
36	6	2
36	7	8
36	8	16
36	9	49
36	10	104
36	11	188
36	12	404
36	13	613
36	14	964
36	15	1424
36	16	2175
36	17	2954
36	18	4095
36	19	5378
36	20	6895
36	21	8534
36	22	10462
36	23	12249
36	24	14147
36	25	15970
36	26	17702
36	27	19411
36	28	20690
36	29	21874
36	30	22809
36	31	22725
36	32	22967
36	33	22002
36	34	21250
36	35	20402
36	36	18691
36	37	16839
36	38	15043
36	39	12981
36	40	11246
36	41	9458
36	42	7745
36	43	6075
36	44	4692
36	45	3582
36	46	2504
36	47	1795
36	48	1219
36	49	745
36	50	473
36	51	294
36	52	159
36	53	74
36	54	33
36	55	15
36	56	5
36	57	2
37	6	5
37	7	10
37	8	34
37	9	53
37	10	134
37	11	229
37	12	407
37	13	667
37	14	1049
37	15	1585
37	16	2223
37	17	3257
37	18	4290
37	19	5514
37	20	7093
37	21	8722
37	22	10512
37	23	12382
37	24	14187
37	25	15927
37	26	17727
37	27	19141
37	28	20452
37	29	20972
37	30	21887
37	31	21982
37	32	21528
37	33	20947
37	34	19960
37	35	18430
37	36	17105
37	37	15101
37	38	13391
37	39	11282
37	40	9380
37	41	7669
37	42	6306
37	43	4783
37	44	3643
37	45	2700
37	46	1894
37	47	1336
37	48	804
37	49	525
37	50	310
37	51	172
37	52	91
37	53	40
37	54	19
37	55	7
37	56	3
37	57	2
38	6	1
38	7	9
38	8	27
38	9	51
38	10	127
38	11	240
38	12	446
38	13	656
38	14	1105
38	15	1552
38	16	2417
38	17	3268
38	18	4402
38	19	5720
38	20	7224
38	21	8753
38	22	10703
38	23	12458
38	24	14372
38	25	15943
38	26	17411
38	27	18604
38	28	19828
38	29	20414
38	30	20572
38	31	20828
38	32	20146
38	33	19297
38	34	18106
38	35	16745
38	36	14975
38	37	13246
38	38	11673
38	39	9779
38	40	7873
38	41	6573
38	42	5065
38	43	3771
38	44	2783
38	45	2062
38	46	1355
38	47	946
38	48	610
38	49	321
38	50	163
38	51	91
38	52	42
38	53	12
38	54	5
38	55	1
38	56	1
38	59	1
39	5	1
39	6	3
39	7	6
39	8	34
39	9	76
39	10	132
39	11	254
39	12	454
39	13	728
39	14	1102
39	15	1793
39	16	2418
39	17	3312
39	18	4566
39	19	5846
39	20	7172
39	21	9011
39	22	10406
39	23	12199
39	24	14248
39	25	15546
39	26	16857
39	27	17993
39	28	18957
39	29	19223
39	30	19625
39	31	19210
39	32	18674
39	33	17555
39	34	16229
39	35	14895
39	36	13333
39	37	11444
39	38	9856
39	39	7897
39	40	6461
39	41	4984
39	42	3934
39	43	2902
39	44	2137
39	45	1385
39	46	942
39	47	558
39	48	338
39	49	179
39	50	102
39	51	38
39	52	22
39	53	7
39	54	2
40	4	1
40	6	2
40	7	15
40	8	17
40	9	84
40	10	122
40	11	261
40	12	442
40	13	744
40	14	1185
40	15	1712
40	16	2467
40	17	3405
40	18	4487
40	19	5793
40	20	7269
40	21	8806
40	22	10318
40	23	11917
40	24	13545
40	25	15111
40	26	16170
40	27	17271
40	28	17619
40	29	18021
40	30	17891
40	31	17413
40	32	16710
40	33	15514
40	34	14217
40	35	12686
40	36	11259
40	37	9659
40	38	7984
40	39	6544
40	40	5097
40	41	3810
40	42	2950
40	43	2143
40	44	1468
40	45	963
40	46	629
40	47	346
40	48	198
40	49	109
40	50	45
40	51	24
40	52	6
40	53	3
40	54	1
41	5	3
41	6	6
41	7	11
41	8	17
41	9	71
41	10	146
41	11	263
41	12	495
41	13	787
41	14	1226
41	15	1765
41	16	2521
41	17	3387
41	18	4513
41	19	5839
41	20	7136
41	21	8692
41	22	10081
41	23	11777
41	24	12886
41	25	14149
41	26	15420
41	27	16196
41	28	16441
41	29	16325
41	30	16265
41	31	15806
41	32	14623
41	33	13614
41	34	12263
41	35	10928
41	36	9396
41	37	7785
41	38	6389
41	39	5041
41	40	4003
41	41	2953
41	42	2124
41	43	1499
41	44	973
41	45	606
41	46	370
41	47	213
41	48	100
41	49	52
41	50	15
41	51	4
41	52	4
41	53	1
42	4	1
42	6	2
42	7	17
42	8	39
42	9	63
42	10	146
42	11	239
42	12	470
42	13	718
42	14	1191
42	15	1750
42	16	2487
42	17	3372
42	18	4445
42	19	5586
42	20	6894
42	21	8318
42	22	9711
42	23	11049
42	24	12284
42	25	13234
42	26	14192
42	27	14838
42	28	14920
42	29	14782
42	30	14630
42	31	13916
42	32	12801
42	33	11692
42	34	10414
42	35	9118
42	36	7683
42	37	6243
42	38	5091
42	39	3892
42	40	2895
42	41	2188
42	42	1556
42	43	971
42	44	597
42	45	392
42	46	227
42	47	127
42	48	58
42	49	16
42	50	12
42	51	4
43	6	4
43	7	10
43	8	23
43	9	78
43	10	157
43	11	309
43	12	493
43	13	803
43	14	1171
43	15	1738
43	16	2496
43	17	3418
43	18	4294
43	19	5565
43	20	6754
43	21	7935
43	22	9206
43	23	10410
43	24	11559
43	25	12557
43	26	12997
43	27	13561
43	28	13558
43	29	13414
43	30	12754
43	31	12015
43	32	10893
43	33	9787
43	34	8558
43	35	7519
43	36	5965
43	37	5033
43	38	3807
43	39	2885
43	40	2055
43	41	1482
43	42	1011
43	43	669
43	44	398
43	45	219
43	46	105
43	47	62
43	48	26
43	49	10
43	50	4
44	5	2
44	6	10
44	7	14
44	8	32
44	9	70
44	10	147
44	11	256
44	12	456
44	13	739
44	14	1162
44	15	1623
44	16	2448
44	17	3208
44	18	4141
44	19	5283
44	20	6445
44	21	7468
44	22	8675
44	23	9901
44	24	10618
44	25	11504
44	26	11727
44	27	11922
44	28	12134
44	29	11764
44	30	11261
44	31	10213
44	32	9187
44	33	7961
44	34	6967
44	35	5799
44	36	4579
44	37	3707
44	38	2736
44	39	2004
44	40	1510
44	41	932
44	42	605
44	43	363
44	44	206
44	45	110
44	46	46
44	47	30
44	48	11
45	6	7
45	7	10
45	8	34
45	9	65
45	10	162
45	11	261
45	12	460
45	13	780
45	14	1186
45	15	1633
45	16	2354
45	17	3185
45	18	3939
45	19	4909
45	20	5978
45	21	6953
45	22	8018
45	23	8880
45	24	9705
45	25	10245
45	26	10530
45	27	10676
45	28	10374
45	29	9839
45	30	9320
45	31	8572
45	32	7624
45	33	6618
45	34	5425
45	35	4496
45	36	3597
45	37	2680
45	38	1986
45	39	1376
45	40	920
45	41	653
45	42	336
45	43	210
45	44	121
45	45	50
45	46	22
45	47	8
45	48	7
45	49	1
45	50	1
46	2	1
46	5	1
46	6	8
46	7	17
46	8	27
46	9	70
46	10	153
46	11	291
46	12	484
46	13	725
46	14	1116
46	15	1606
46	16	2225
46	17	3011
46	18	3737
46	19	4813
46	20	5580
46	21	6508
46	22	7276
46	23	8098
46	24	8833
46	25	9193
46	26	9302
46	27	9237
46	28	8858
46	29	8552
46	30	7697
46	31	6896
46	32	5964
46	33	5133
46	34	4229
46	35	3319
46	36	2549
46	37	1894
46	38	1324
46	39	873
46	40	611
46	41	381
46	42	188
46	43	112
46	44	47
46	45	24
46	46	9
46	47	1
46	49	1
47	5	1
47	6	9
47	7	16
47	8	32
47	9	79
47	10	157
47	11	272
47	12	445
47	13	731
47	14	1073
47	15	1479
47	16	2071
47	17	2743
47	18	3601
47	19	4382
47	20	5105
47	21	5931
47	22	6585
47	23	7265
47	24	7606
47	25	7979
47	26	7695
47	27	7785
47	28	7446
47	29	7021
47	30	6257
47	31	5575
47	32	4834
47	33	3881
47	34	3230
47	35	2438
47	36	1796
47	37	1279
47	38	901
47	39	563
47	40	338
47	41	194
47	42	107
47	43	46
47	44	15
47	45	11
47	46	3
47	47	2
48	6	3
48	7	10
48	8	34
48	9	78
48	10	115
48	11	274
48	12	418
48	13	662
48	14	1022
48	15	1433
48	16	1948
48	17	2522
48	18	3217
48	19	4056
48	20	4752
48	21	5125
48	22	5955
48	23	6322
48	24	6642
48	25	6785
48	26	6811
48	27	6505
48	28	6192
48	29	5602
48	30	5075
48	31	4283
48	32	3630
48	33	2936
48	34	2304
48	35	1789
48	36	1294
48	37	814
48	38	551
48	39	327
48	40	190
48	41	103
48	42	53
48	43	27
48	44	10
48	45	4
48	46	2
49	6	3
49	7	10
49	8	34
49	9	57
49	10	155
49	11	299
49	12	435
49	13	614
49	14	953
49	15	1324
49	16	1823
49	17	2339
49	18	3021
49	19	3563
49	20	4178
49	21	4723
49	22	5122
49	23	5482
49	24	5680
49	25	5631
49	26	5574
49	27	5276
49	28	5000
49	29	4397
49	30	3896
49	31	3199
49	32	2722
49	33	2090
49	34	1565
49	35	1173
49	36	826
49	37	528
49	38	289
49	39	184
49	40	101
49	41	52
49	42	23
49	43	5
49	44	3
49	45	1
50	5	1
50	6	4
50	7	11
50	8	33
50	9	72
50	10	117
50	11	256
50	12	381
50	13	568
50	14	903
50	15	1239
50	16	1631
50	17	2196
50	18	2600
50	19	3247
50	20	3700
50	21	4201
50	22	4423
50	23	4781
50	24	4910
50	25	4699
50	26	4586
50	27	4256
50	28	3897
50	29	3503
50	30	2878
50	31	2413
50	32	1953
50	33	1391
50	34	981
50	35	687
50	36	473
50	37	290
50	38	184
50	39	98
50	40	53
50	41	19
50	42	7
50	43	3
50	44	1
51	5	1
51	6	1
51	7	20
51	8	20
51	9	51
51	10	113
51	11	213
51	12	337
51	13	522
51	14	792
51	15	1145
51	16	1507
51	17	1892
51	18	2366
51	19	2761
51	20	3137
51	21	3461
51	22	3786
51	23	3901
51	24	4007
51	25	3784
51	26	3724
51	27	3417
51	28	3067
51	29	2627
51	30	2107
51	31	1667
51	32	1251
51	33	953
51	34	676
51	35	428
51	36	269
51	37	162
51	38	103
51	39	57
51	40	14
51	41	7
51	42	3
51	43	1
52	6	2
52	7	15
52	8	21
52	9	58
52	10	116
52	11	206
52	12	381
52	13	548
52	14	754
52	15	1021
52	16	1347
52	17	1685
52	18	1966
52	19	2412
52	20	2773
52	21	2916
52	22	3172
52	23	3316
52	24	3258
52	25	3099
52	26	2901
52	27	2545
52	28	2177
52	29	1892
52	30	1548
52	31	1276
52	32	875
52	33	599
52	34	431
52	35	264
52	36	148
52	37	83
52	38	50
52	39	25
52	40	5
52	41	1
52	42	2
53	6	9
53	7	8
53	8	26
53	9	51
53	10	117
53	11	194
53	12	314
53	13	454
53	14	655
53	15	911
53	16	1198
53	17	1455
53	18	1783
53	19	2121
53	20	2305
53	21	2480
53	22	2550
53	23	2671
53	24	2547
53	25	2425
53	26	2207
53	27	1939
53	28	1589
53	29	1367
53	30	989
53	31	810
53	32	590
53	33	361
53	34	248
53	35	152
53	36	70
53	37	40
53	38	19
53	39	5
53	40	1
54	5	1
54	6	4
54	7	17
54	8	28
54	9	55
54	10	90
54	11	160
54	12	265
54	13	412
54	14	633
54	15	782
54	16	1026
54	17	1242
54	18	1528
54	19	1733
54	20	1974
54	21	1908
54	22	2073
54	23	2092
54	24	1970
54	25	1912
54	26	1644
54	27	1403
54	28	1156
54	29	927
54	30	674
54	31	488
54	32	333
54	33	212
54	34	130
54	35	74
54	36	32
54	37	13
54	38	8
55	4	1
55	6	4
55	7	13
55	8	23
55	9	46
55	10	94
55	11	135
55	12	257
55	13	348
55	14	553
55	15	654
55	16	901
55	17	1112
55	18	1236
55	19	1425
55	20	1558
55	21	1584
55	22	1682
55	23	1644
55	24	1536
55	25	1373
55	26	1238
55	27	966
55	28	793
55	29	584
55	30	416
55	31	292
55	32	221
55	33	134
55	34	60
55	35	38
55	36	14
55	37	9
55	38	1
55	39	1
56	5	1
56	6	3
56	7	9
56	8	23
56	9	30
56	10	83
56	11	137
56	12	206
56	13	325
56	14	410
56	15	639
56	16	778
56	17	913
56	18	1089
56	19	1152
56	20	1230
56	21	1258
56	22	1260
56	23	1188
56	24	1102
56	25	992
56	26	831
56	27	675
56	28	523
56	29	385
56	30	274
56	31	187
56	32	109
56	33	52
56	34	33
56	35	13
56	36	4
57	5	1
57	7	13
57	8	18
57	9	40
57	10	67
57	11	108
57	12	176
57	13	242
57	14	369
57	15	486
57	16	530
57	17	718
57	18	871
57	19	911
57	20	915
57	21	984
57	22	918
57	23	919
57	24	811
57	25	696
57	26	554
57	27	456
57	28	336
57	29	192
57	30	150
57	31	106
57	32	50
57	33	30
57	34	8
57	35	14
57	36	3
58	6	2
58	7	13
58	8	11
58	9	38
58	10	50
58	11	103
58	12	142
58	13	199
58	14	341
58	15	411
58	16	522
58	17	590
58	18	690
58	19	710
58	20	712
58	21	727
58	22	715
58	23	623
58	24	575
58	25	461
58	26	377
58	27	281
58	28	206
58	29	137
58	30	91
58	31	51
58	32	21
58	33	6
58	34	4
59	6	2
59	7	5
59	8	17
59	9	30
59	10	58
59	11	93
59	12	153
59	13	217
59	14	283
59	15	351
59	16	440
59	17	454
59	18	553
59	19	528
59	20	555
59	21	580
59	22	494
59	23	494
59	24	403
59	25	323
59	26	218
59	27	157
59	28	119
59	29	68
59	30	44
59	31	23
59	32	5
59	33	3
59	34	2
60	5	2
60	6	2
60	7	6
60	8	11
60	9	19
60	10	37
60	11	54
60	12	127
60	13	184
60	14	223
60	15	257
60	16	293
60	17	358
60	18	398
60	19	441
60	20	389
60	21	416
60	22	364
60	23	312
60	24	239
60	25	195
60	26	148
60	27	78
60	28	52
60	29	32
60	30	19
60	31	10
60	32	4
61	5	1
61	7	6
61	8	5
61	9	10
61	10	36
61	11	57
61	12	90
61	13	142
61	14	192
61	15	193
61	16	261
61	17	300
61	18	299
61	19	312
61	20	278
61	21	258
61	22	223
61	23	197
61	24	138
61	25	104
61	26	74
61	27	58
61	28	25
61	29	20
61	30	7
61	31	4
61	32	2
62	6	2
62	7	6
62	8	12
62	9	14
62	10	22
62	11	59
62	12	80
62	13	102
62	14	146
62	15	169
62	16	211
62	17	215
62	18	204
62	19	216
62	20	226
62	21	185
62	22	144
62	23	117
62	24	78
62	25	70
62	26	49
62	27	18
62	28	9
62	29	6
62	30	2
62	31	2
63	4	1
63	5	1
63	6	1
63	7	5
63	8	10
63	9	11
63	10	23
63	11	37
63	12	73
63	13	86
63	14	93
63	15	131
63	16	161
63	17	133
63	18	163
63	19	142
63	20	120
63	21	113
63	22	106
63	23	70
63	24	60
63	25	32
63	26	17
63	27	11
63	28	3
63	29	2
63	30	1
64	4	1
64	5	1
64	6	1
64	7	4
64	8	7
64	9	9
64	10	32
64	11	32
64	12	48
64	13	56
64	14	71
64	15	93
64	16	101
64	17	131
64	18	110
64	19	94
64	20	78
64	21	76
64	22	51
64	23	48
64	24	23
64	25	17
64	26	7
64	27	2
64	28	1
64	29	1
65	6	1
65	7	6
65	8	1
65	9	10
65	10	20
65	11	23
65	12	34
65	13	46
65	14	56
65	15	66
65	16	82
65	17	66
65	18	65
65	19	69
65	20	58
65	21	39
65	22	32
65	23	17
65	24	20
65	25	12
65	26	2
65	28	1
66	6	1
66	7	2
66	8	4
66	9	5
66	10	14
66	11	21
66	12	32
66	13	30
66	14	42
66	15	40
66	16	41
66	17	39
66	18	49
66	19	38
66	20	29
66	21	20
66	22	9
66	23	7
66	24	4
66	25	2
67	7	2
67	8	1
67	9	5
67	10	18
67	11	10
67	12	17
67	13	22
67	14	30
67	15	41
67	16	41
67	17	28
67	18	26
67	19	21
67	20	16
67	21	13
67	22	11
67	23	6
67	24	1
67	25	1
68	8	1
68	9	6
68	10	2
68	11	12
68	12	12
68	13	22
68	14	13
68	15	26
68	16	19
68	17	24
68	18	17
68	19	15
68	20	6
68	21	6
68	22	6
68	24	2
69	8	1
69	9	5
69	10	10
69	11	6
69	12	15
69	13	10
69	14	14
69	15	20
69	16	14
69	17	12
69	18	6
69	19	9
69	20	4
69	21	1
69	22	2
69	23	1
69	24	1
70	6	1
70	7	1
70	8	4
70	9	6
70	10	4
70	11	5
70	12	8
70	13	5
70	14	8
70	15	8
70	16	10
70	17	6
70	18	8
70	19	5
70	21	3
71	7	1
71	9	2
71	11	1
71	12	5
71	13	10
71	14	6
71	15	6
71	17	4
71	18	5
71	19	2
72	10	3
72	12	3
72	13	8
72	14	4
72	15	4
72	16	2
72	20	1
72	21	1
73	10	1
73	11	1
73	12	3
73	13	2
73	14	2
73	16	1
73	17	1
74	5	1
74	8	2
74	9	1
74	12	1
74	13	1
74	14	2
74	15	1
74	17	1
75	6	1
76	12	1
76	13	1
77	9	1
77	11	1
79	8	1
