20	35	2
20	41	1
21	34	1
21	35	1
21	36	2
21	37	3
21	38	5
21	39	3
21	40	1
21	41	1
21	42	2
21	46	1
22	30	1
22	31	1
22	32	4
22	33	6
22	34	4
22	35	17
22	36	23
22	37	20
22	38	22
22	39	21
22	40	19
22	41	11
22	42	10
22	43	8
22	44	4
22	45	2
22	46	2
23	29	1
23	30	3
23	31	12
23	32	21
23	33	27
23	34	55
23	35	93
23	36	130
23	37	144
23	38	126
23	39	119
23	40	95
23	41	59
23	42	36
23	43	29
23	44	8
23	45	6
23	46	3
24	27	1
24	28	4
24	29	5
24	30	23
24	31	47
24	32	113
24	33	228
24	34	353
24	35	503
24	36	603
24	37	684
24	38	655
24	39	549
24	40	370
24	41	256
24	42	162
24	43	63
24	44	18
24	45	9
24	46	2
24	47	2
25	26	1
25	27	2
25	28	17
25	29	50
25	30	127
25	31	320
25	32	587
25	33	1055
25	34	1631
25	35	2129
25	36	2539
25	37	2563
25	38	2211
25	39	1688
25	40	1228
25	41	736
25	42	402
25	43	172
25	44	75
25	45	21
25	46	7
25	47	2
26	24	1
26	26	1
26	27	17
26	28	71
26	29	206
26	30	563
26	31	1202
26	32	2422
26	33	3970
26	34	5794
26	35	7334
26	36	8186
26	37	7697
26	38	6371
26	39	4625
26	40	2889
26	41	1562
26	42	802
26	43	321
26	44	125
26	45	37
26	46	12
26	47	6
27	24	1
27	25	3
27	26	28
27	27	69
27	28	247
27	29	803
27	30	2036
27	31	4212
27	32	7756
27	33	12399
27	34	17335
27	35	20608
27	36	21159
27	37	18779
27	38	14409
27	39	9596
27	40	5529
27	41	2813
27	42	1155
27	43	446
27	44	144
27	45	39
27	46	6
27	47	1
27	48	1
28	23	1
28	25	15
28	26	62
28	27	253
28	28	901
28	29	2602
28	30	6044
28	31	12484
28	32	21672
28	33	32335
28	34	42153
28	35	46546
28	36	44595
28	37	37040
28	38	26207
28	39	15971
28	40	8395
28	41	3784
28	42	1413
28	43	466
28	44	147
28	45	35
28	46	3
29	22	1
29	23	3
29	24	9
29	25	58
29	26	221
29	27	742
29	28	2472
29	29	6648
29	30	15431
29	31	30244
29	32	49615
29	33	70086
29	34	84571
29	35	87526
29	36	77613
29	37	58864
29	38	38319
29	39	21145
29	40	10118
29	41	4066
29	42	1384
29	43	408
29	44	94
29	45	16
29	47	2
30	21	1
30	23	1
30	24	26
30	25	112
30	26	492
30	27	1949
30	28	5820
30	29	15570
30	30	33405
30	31	60965
30	32	94700
30	33	125179
30	34	140916
30	35	134490
30	36	110291
30	37	76162
30	38	44898
30	39	22664
30	40	9646
30	41	3418
30	42	1080
30	43	269
30	44	58
30	45	8
30	46	2
31	23	6
31	24	51
31	25	255
31	26	1140
31	27	4116
31	28	12249
31	29	29827
31	30	60843
31	31	104934
31	32	152532
31	33	187578
31	34	194416
31	35	171144
31	36	127590
31	37	80743
31	38	43357
31	39	19599
31	40	7478
31	41	2287
31	42	607
31	43	126
31	44	22
32	20	1
32	22	6
32	23	18
32	24	102
32	25	563
32	26	2310
32	27	7548
32	28	21287
32	29	49549
32	30	94472
32	31	152320
32	32	204984
32	33	233901
32	34	222864
32	35	179723
32	36	122358
32	37	69338
32	38	33655
32	39	13433
32	40	4470
32	41	1291
32	42	279
32	43	71
32	44	8
33	22	4
33	23	36
33	24	224
33	25	1004
33	26	3759
33	27	12278
33	28	32259
33	29	70123
33	30	124947
33	31	185970
33	32	232831
33	33	244489
33	34	212654
33	35	155025
33	36	95583
33	37	48972
33	38	21188
33	39	7461
33	40	2103
33	41	497
33	42	114
33	43	21
33	44	3
34	22	6
34	23	56
34	24	344
34	25	1640
34	26	5692
34	27	16959
34	28	41645
34	29	84592
34	30	140727
34	31	194653
34	32	222361
34	33	213128
34	34	168633
34	35	111850
34	36	61764
34	37	27969
34	38	10369
34	39	3323
34	40	823
34	41	158
34	42	25
34	43	2
35	21	3
35	22	12
35	23	85
35	24	487
35	25	2156
35	26	7347
35	27	20494
35	28	46750
35	29	87543
35	30	134173
35	31	171141
35	32	179720
35	33	155973
35	34	112168
35	35	65838
35	36	32537
35	37	12982
35	38	4292
35	39	1119
35	40	246
35	41	41
35	42	6
36	20	1
36	21	3
36	22	12
36	23	126
36	24	635
36	25	2571
36	26	8144
36	27	21227
36	28	44629
36	29	77398
36	30	110000
36	31	127827
36	32	121869
36	33	95431
36	34	61199
36	35	32289
36	36	13965
36	37	4876
36	38	1420
36	39	284
36	40	52
36	41	4
36	43	1
37	21	2
37	22	28
37	23	147
37	24	683
37	25	2657
37	26	7747
37	27	19117
37	28	36810
37	29	59134
37	30	76565
37	31	80922
37	32	69248
37	33	48411
37	34	27752
37	35	12846
37	36	4759
37	37	1426
37	38	362
37	39	75
37	40	8
37	41	3
38	21	5
38	22	25
38	23	140
38	24	630
38	25	2345
38	26	6585
38	27	14668
38	28	26370
38	29	38493
38	30	45653
38	31	42945
38	32	32836
38	33	20792
38	34	10406
38	35	4110
38	36	1399
38	37	317
38	38	63
38	39	10
38	40	3
39	21	6
39	22	26
39	23	148
39	24	513
39	25	1801
39	26	4737
39	27	9714
39	28	16576
39	29	21502
39	30	22919
39	31	19119
39	32	13189
39	33	7111
39	34	3165
39	35	1084
39	36	337
39	37	57
39	38	10
39	39	4
40	21	5
40	22	25
40	23	116
40	24	441
40	25	1291
40	26	3100
40	27	5690
40	28	8632
40	29	10469
40	30	9615
40	31	7299
40	32	4324
40	33	1995
40	34	776
40	35	259
40	36	53
40	37	6
40	38	2
41	21	1
41	22	17
41	23	74
41	24	290
41	25	740
41	26	1707
41	27	2981
41	28	3830
41	29	4098
41	30	3395
41	31	2350
41	32	1147
41	33	515
41	34	145
41	35	45
41	36	10
41	37	5
42	21	2
42	22	8
42	23	58
42	24	137
42	25	430
42	26	802
42	27	1299
42	28	1523
42	29	1433
42	30	1068
42	31	576
42	32	274
42	33	82
42	34	23
42	35	4
42	36	1
43	20	1
43	22	6
43	23	29
43	24	82
43	25	187
43	26	343
43	27	427
43	28	479
43	29	407
43	30	258
43	31	139
43	32	59
43	33	11
43	34	2
44	21	3
44	22	3
44	23	20
44	24	26
44	25	92
44	26	151
44	27	164
44	28	119
44	29	106
44	30	68
44	31	23
44	32	5
44	33	2
45	21	1
45	23	6
45	24	15
45	25	30
45	26	37
45	27	28
45	28	29
45	29	20
45	30	9
45	31	7
45	32	1
46	22	1
46	23	3
46	24	8
46	25	7
46	26	13
46	27	10
46	28	5
46	29	4
46	30	1
46	31	1
47	22	2
47	24	1
47	26	4
47	28	2
48	25	1
