0.5	0.666667
0.916667	0.858974
0.954545	0.916996
0.96875	0.941288
0.97619	0.954596
0.980769	0.96299
0.983871	0.968766
0.986111	0.972983
0.987805	0.976197
0.98913	0.978728
0.990196	0.980773
0.991071	0.982459
0.991803	0.983873
0.992424	0.985076
0.992958	0.986112
0.993421	0.987014
0.993827	0.987806
0.994186	0.988507
0.994505	0.989131
0.994792	0.989691
0.99505	0.990197
0.995283	0.990655
0.995495	0.991072
0.99569	0.991453
0.995868	0.991804
0.996032	0.992126
0.996183	0.992424
0.996324	0.992701
0.996454	0.992958
0.996575	0.993197
0.996689	0.993421
0.996795	0.993631
0.996894	0.993827
0.996988	0.994012
0.997076	0.994186
0.997159	0.99435
0.997238	0.994506
0.997312	0.994652
0.997382	0.994792
0.997449	0.994924
0.997512	0.99505
0.997573	0.995169
0.99763	0.995283
0.997685	0.995392
0.997738	0.995496
0.997788	0.995595
0.997835	0.99569
0.997881	0.995781
0.997925	0.995868
0.997967	0.995951
0.998008	0.996032
0.998047	0.996109
0.998084	0.996183
0.99812	0.996255
0.998155	0.996324
0.998188	0.99639
0.998221	0.996454
0.998252	0.996516
0.998282	0.996575
0.998311	0.996633
0.998339	0.996689
0.998366	0.996743
0.998392	0.996795
0.998418	0.996845
0.998442	0.996894
0.998466	0.996942
0.998489	0.996988
0.998512	0.997033
0.998534	0.997076
0.998555	0.997118
0.998575	0.997159
0.998596	0.997199
0.998615	0.997238
0.998634	0.997275
0.998652	0.997312
0.99867	0.997347
0.998688	0.997382
0.998705	0.997416
0.998721	0.997449
0.998737	0.997481
0.998753	0.997512
0.998768	0.997543
0.998783	0.997573
0.998798	0.997602
0.998812	0.99763
0.998826	0.997658
0.99884	0.997685
0.998853	0.997712
0.998866	0.997738
0.998879	0.997763
0.998891	0.997788
0.998904	0.997812
0.998915	0.997836
0.998927	0.997859
0.998938	0.997881
0.99895	0.997904
0.99896	0.997925
0.998971	0.997947
0.998982	0.997967
0.998992	0.997988
0.999002	0.998008
0.999012	0.998028
0.999022	0.998047
0.999031	0.998066
0.99904	0.998084
0.999049	0.998102
0.999058	0.99812
0.999067	0.998138
0.999076	0.998155
0.999084	0.998172
0.999093	0.998188
0.999101	0.998205
0.999109	0.998221
0.999117	0.998236
0.999124	0.998252
0.999132	0.998267
0.999139	0.998282
0.999147	0.998296
0.999154	0.998311
0.999161	0.998325
0.999168	0.998339
0.999175	0.998353
0.999182	0.998366
0.999188	0.998379
0.999195	0.998392
0.999201	0.998405
0.999208	0.998418
0.999214	0.99843
0.99922	0.998442
0.999226	0.998454
0.999232	0.998466
0.999238	0.998478
0.999244	0.998489
0.999249	0.998501
0.999255	0.998512
0.99926	0.998523
0.999266	0.998534
0.999271	0.998544
0.999276	0.998555
0.999282	0.998565
0.999287	0.998576
0.999292	0.998586
0.999297	0.998596
0.999302	0.998605
0.999307	0.998615
0.999311	0.998624
0.999316	0.998634
0.999321	0.998643
0.999325	0.998652
0.99933	0.998661
0.999334	0.99867
0.999339	0.998679
0.999343	0.998688
0.999347	0.998696
0.999351	0.998705
0.999356	0.998713
0.99936	0.998721
0.999364	0.998729
0.999368	0.998737
0.999372	0.998745
0.999376	0.998753
0.99938	0.998761
0.999383	0.998768
0.999387	0.998776
0.999391	0.998783
0.999395	0.998791
0.999398	0.998798
0.999402	0.998805
0.999405	0.998812
0.999409	0.998819
0.999412	0.998826
0.999416	0.998833
0.999419	0.99884
0.999423	0.998847
0.999426	0.998853
0.999429	0.99886
0.999432	0.998866
0.999436	0.998873
0.999439	0.998879
0.999442	0.998885
0.999445	0.998891
0.999448	0.998897
0.999451	0.998904
0.999454	0.998909
0.999457	0.998915
0.99946	0.998921
0.999463	0.998927
0.999466	0.998933
0.999469	0.998938
0.999471	0.998944
0.999474	0.99895
0.999477	0.998955
0.99948	0.99896
0.999482	0.998966
0.999485	0.998971
0.999488	0.998976
0.99949	0.998982
0.999493	0.998987
0.999495	0.998992
0.999498	0.998997
0.9995	0.999002
0.999503	0.999007
0.999505	0.999012
0.999508	0.999017
0.99951	0.999022
0.999513	0.999026
0.999515	0.999031
0.999517	0.999036
0.99952	0.99904
0.999522	0.999045
0.999524	0.999049
0.999527	0.999054
0.999529	0.999058
0.999531	0.999063
0.999533	0.999067
0.999535	0.999071
0.999537	0.999076
0.99954	0.99908
0.999542	0.999084
0.999544	0.999088
0.999546	0.999093
0.999548	0.999097
0.99955	0.999101
0.999552	0.999105
0.999554	0.999109
0.999556	0.999113
0.999558	0.999117
0.99956	0.99912
0.999562	0.999124
0.999564	0.999128
0.999566	0.999132
0.999567	0.999136
0.999569	0.999139
0.999571	0.999143
0.999573	0.999147
0.999575	0.99915
0.999577	0.999154
0.999578	0.999158
0.99958	0.999161
0.999582	0.999165
0.999584	0.999168
0.999585	0.999171
0.999587	0.999175
0.999589	0.999178
0.99959	0.999182
0.999592	0.999185
0.999594	0.999188
0.999595	0.999192
0.999597	0.999195
0.999599	0.999198
0.9996	0.999201
0.999602	0.999204
0.999603	0.999208
0.999605	0.999211
0.999607	0.999214
0.999608	0.999217
0.99961	0.99922
0.999611	0.999223
0.999613	0.999226
0.999614	0.999229
0.999616	0.999232
0.999617	0.999235
0.999619	0.999238
0.99962	0.999241
0.999621	0.999244
0.999623	0.999246
0.999624	0.999249
0.999626	0.999252
0.999627	0.999255
0.999629	0.999258
0.99963	0.99926
0.999631	0.999263
0.999633	0.999266
0.999634	0.999268
0.999635	0.999271
0.999637	0.999274
0.999638	0.999276
0.999639	0.999279
0.999641	0.999282
0.999642	0.999284
0.999643	0.999287
0.999644	0.999289
0.999646	0.999292
0.999647	0.999294
0.999648	0.999297
0.999649	0.999299
0.999651	0.999302
0.999652	0.999304
0.999653	0.999307
0.999654	0.999309
0.999655	0.999311
0.999657	0.999314
0.999658	0.999316
0.999659	0.999318
0.99966	0.999321
0.999661	0.999323
0.999662	0.999325
0.999664	0.999328
0.999665	0.99933
0.999666	0.999332
0.999667	0.999334
0.999668	0.999336
0.999669	0.999339
0.99967	0.999341
0.999671	0.999343
0.999672	0.999345
0.999673	0.999347
0.999674	0.999349
0.999676	0.999351
0.999677	0.999354
0.999678	0.999356
0.999679	0.999358
0.99968	0.99936
0.999681	0.999362
0.999682	0.999364
0.999683	0.999366
0.999684	0.999368
0.999685	0.99937
0.999686	0.999372
0.999687	0.999374
0.999688	0.999376
0.999689	0.999378
0.99969	0.99938
0.999691	0.999382
0.999692	0.999383
0.999692	0.999385
0.999693	0.999387
0.999694	0.999389
0.999695	0.999391
0.999696	0.999393
0.999697	0.999395
0.999698	0.999396
0.999699	0.999398
0.9997	0.9994
0.999701	0.999402
0.999702	0.999404
0.999703	0.999405
0.999703	0.999407
0.999704	0.999409
0.999705	0.999411
0.999706	0.999412
0.999707	0.999414
0.999708	0.999416
0.999709	0.999418
0.999709	0.999419
0.99971	0.999421
0.999711	0.999423
0.999712	0.999424
0.999713	0.999426
0.999714	0.999428
0.999714	0.999429
0.999715	0.999431
0.999716	0.999432
0.999717	0.999434
0.999718	0.999436
0.999718	0.999437
0.999719	0.999439
0.99972	0.99944
0.999721	0.999442
0.999722	0.999444
0.999722	0.999445
0.999723	0.999447
0.999724	0.999448
0.999725	0.99945
0.999725	0.999451
0.999726	0.999453
0.999727	0.999454
0.999728	0.999456
0.999728	0.999457
0.999729	0.999459
0.99973	0.99946
0.999731	0.999461
0.999731	0.999463
0.999732	0.999464
0.999733	0.999466
0.999733	0.999467
0.999734	0.999469
0.999735	0.99947
0.999736	0.999471
0.999736	0.999473
0.999737	0.999474
0.999738	0.999476
0.999738	0.999477
0.999739	0.999478
0.99974	0.99948
0.99974	0.999481
0.999741	0.999482
0.999742	0.999484
0.999742	0.999485
0.999743	0.999486
0.999744	0.999488
0.999744	0.999489
0.999745	0.99949
0.999746	0.999492
0.999746	0.999493
0.999747	0.999494
0.999748	0.999495
0.999748	0.999497
0.999749	0.999498
0.999749	0.999499
0.99975	0.9995
0.999751	0.999502
0.999751	0.999503
0.999752	0.999504
0.999753	0.999505
0.999753	0.999507
0.999754	0.999508
0.999754	0.999509
0.999755	0.99951
0.999756	0.999511
0.999756	0.999513
0.999757	0.999514
0.999757	0.999515
0.999758	0.999516
0.999759	0.999517
0.999759	0.999519
0.99976	0.99952
0.99976	0.999521
0.999761	0.999522
0.999761	0.999523
0.999762	0.999524
0.999763	0.999525
0.999763	0.999527
0.999764	0.999528
0.999764	0.999529
0.999765	0.99953
0.999765	0.999531
0.999766	0.999532
0.999766	0.999533
0.999767	0.999534
0.999768	0.999535
0.999768	0.999536
0.999769	0.999537
0.999769	0.999539
0.99977	0.99954
0.99977	0.999541
0.999771	0.999542
0.999771	0.999543
0.999772	0.999544
0.999772	0.999545
0.999773	0.999546
0.999773	0.999547
0.999774	0.999548
0.999774	0.999549
0.999775	0.99955
0.999775	0.999551
0.999776	0.999552
0.999776	0.999553
0.999777	0.999554
0.999777	0.999555
0.999778	0.999556
0.999778	0.999557
0.999779	0.999558
0.999779	0.999559
0.99978	0.99956
0.99978	0.999561
0.999781	0.999562
0.999781	0.999563
0.999782	0.999564
0.999782	0.999565
0.999783	0.999566
0.999783	0.999567
0.999784	0.999567
0.999784	0.999568
0.999785	0.999569
0.999785	0.99957
0.999785	0.999571
0.999786	0.999572
0.999786	0.999573
0.999787	0.999574
0.999787	0.999575
0.999788	0.999576
0.999788	0.999577
0.999789	0.999578
0.999789	0.999578
0.99979	0.999579
0.99979	0.99958
0.99979	0.999581
0.999791	0.999582
0.999791	0.999583
0.999792	0.999584
0.999792	0.999585
0.999793	0.999585
0.999793	0.999586
0.999793	0.999587
0.999794	0.999588
0.999794	0.999589
0.999795	0.99959
0.999795	0.99959
0.999796	0.999591
0.999796	0.999592
0.999796	0.999593
0.999797	0.999594
0.999797	0.999595
0.999798	0.999595
0.999798	0.999596
0.999798	0.999597
0.999799	0.999598
0.999799	0.999599
0.9998	0.9996
0.9998	0.9996
0.9998	0.999601
0.999801	0.999602
0.999801	0.999603
0.999802	0.999603
0.999802	0.999604
0.999802	0.999605
0.999803	0.999606
0.999803	0.999607
0.999804	0.999607
0.999804	0.999608
0.999804	0.999609
0.999805	0.99961
0.999805	0.99961
0.999806	0.999611
0.999806	0.999612
0.999806	0.999613
0.999807	0.999613
0.999807	0.999614
0.999807	0.999615
0.999808	0.999616
0.999808	0.999616
0.999809	0.999617
0.999809	0.999618
0.999809	0.999619
0.99981	0.999619
0.99981	0.99962
0.99981	0.999621
0.999811	0.999621
0.999811	0.999622
0.999811	0.999623
0.999812	0.999624
0.999812	0.999624
0.999812	0.999625
0.999813	0.999626
0.999813	0.999626
0.999814	0.999627
0.999814	0.999628
0.999814	0.999629
0.999815	0.999629
0.999815	0.99963
0.999815	0.999631
0.999816	0.999631
0.999816	0.999632
0.999816	0.999633
0.999817	0.999633
0.999817	0.999634
0.999817	0.999635
0.999818	0.999635
0.999818	0.999636
0.999818	0.999637
0.999819	0.999637
0.999819	0.999638
0.999819	0.999639
0.99982	0.999639
0.99982	0.99964
0.99982	0.999641
0.999821	0.999641
0.999821	0.999642
0.999821	0.999642
0.999821	0.999643
0.999822	0.999644
0.999822	0.999644
0.999822	0.999645
0.999823	0.999646
0.999823	0.999646
0.999823	0.999647
0.999824	0.999648
0.999824	0.999648
0.999824	0.999649
0.999825	0.999649
0.999825	0.99965
0.999825	0.999651
0.999826	0.999651
0.999826	0.999652
0.999826	0.999652
0.999826	0.999653
0.999827	0.999654
0.999827	0.999654
0.999827	0.999655
0.999828	0.999655
0.999828	0.999656
0.999828	0.999657
0.999829	0.999657
0.999829	0.999658
0.999829	0.999658
0.999829	0.999659
0.99983	0.99966
0.99983	0.99966
0.99983	0.999661
0.999831	0.999661
0.999831	0.999662
0.999831	0.999662
0.999831	0.999663
0.999832	0.999664
0.999832	0.999664
0.999832	0.999665
0.999833	0.999665
0.999833	0.999666
0.999833	0.999666
0.999833	0.999667
0.999834	0.999667
0.999834	0.999668
0.999834	0.999669
0.999834	0.999669
0.999835	0.99967
0.999835	0.99967
0.999835	0.999671
0.999836	0.999671
0.999836	0.999672
0.999836	0.999672
0.999836	0.999673
0.999837	0.999673
0.999837	0.999674
0.999837	0.999674
0.999837	0.999675
0.999838	0.999676
0.999838	0.999676
0.999838	0.999677
0.999839	0.999677
0.999839	0.999678
0.999839	0.999678
0.999839	0.999679
0.99984	0.999679
0.99984	0.99968
0.99984	0.99968
0.99984	0.999681
0.999841	0.999681
0.999841	0.999682
0.999841	0.999682
0.999841	0.999683
0.999842	0.999683
0.999842	0.999684
0.999842	0.999684
0.999842	0.999685
0.999843	0.999685
0.999843	0.999686
0.999843	0.999686
0.999843	0.999687
0.999844	0.999687
0.999844	0.999688
0.999844	0.999688
0.999844	0.999689
0.999845	0.999689
0.999845	0.99969
0.999845	0.99969
0.999845	0.999691
0.999845	0.999691
0.999846	0.999692
0.999846	0.999692
0.999846	0.999692
0.999846	0.999693
0.999847	0.999693
0.999847	0.999694
0.999847	0.999694
0.999847	0.999695
0.999848	0.999695
0.999848	0.999696
0.999848	0.999696
0.999848	0.999697
0.999849	0.999697
0.999849	0.999698
0.999849	0.999698
0.999849	0.999699
0.999849	0.999699
0.99985	0.999699
0.99985	0.9997
0.99985	0.9997
0.99985	0.999701
0.999851	0.999701
0.999851	0.999702
0.999851	0.999702
0.999851	0.999703
0.999851	0.999703
0.999852	0.999703
0.999852	0.999704
0.999852	0.999704
0.999852	0.999705
0.999853	0.999705
0.999853	0.999706
0.999853	0.999706
0.999853	0.999706
0.999853	0.999707
0.999854	0.999707
0.999854	0.999708
0.999854	0.999708
0.999854	0.999709
0.999854	0.999709
0.999855	0.999709
0.999855	0.99971
0.999855	0.99971
0.999855	0.999711
0.999856	0.999711
0.999856	0.999712
0.999856	0.999712
0.999856	0.999712
0.999856	0.999713
0.999857	0.999713
0.999857	0.999714
0.999857	0.999714
0.999857	0.999714
0.999857	0.999715
0.999858	0.999715
0.999858	0.999716
0.999858	0.999716
0.999858	0.999716
0.999858	0.999717
0.999859	0.999717
0.999859	0.999718
0.999859	0.999718
0.999859	0.999718
0.999859	0.999719
0.99986	0.999719
0.99986	0.99972
0.99986	0.99972
0.99986	0.99972
0.99986	0.999721
0.999861	0.999721
0.999861	0.999722
0.999861	0.999722
0.999861	0.999722
0.999861	0.999723
0.999862	0.999723
0.999862	0.999724
0.999862	0.999724
0.999862	0.999724
0.999862	0.999725
0.999862	0.999725
0.999863	0.999725
0.999863	0.999726
0.999863	0.999726
0.999863	0.999727
0.999863	0.999727
0.999864	0.999727
0.999864	0.999728
0.999864	0.999728
0.999864	0.999728
0.999864	0.999729
0.999865	0.999729
0.999865	0.99973
0.999865	0.99973
0.999865	0.99973
0.999865	0.999731
0.999865	0.999731
0.999866	0.999731
0.999866	0.999732
0.999866	0.999732
0.999866	0.999732
0.999866	0.999733
0.999867	0.999733
0.999867	0.999733
0.999867	0.999734
0.999867	0.999734
0.999867	0.999735
0.999867	0.999735
0.999868	0.999735
0.999868	0.999736
0.999868	0.999736
0.999868	0.999736
0.999868	0.999737
0.999868	0.999737
0.999869	0.999737
0.999869	0.999738
0.999869	0.999738
0.999869	0.999738
0.999869	0.999739
0.999869	0.999739
0.99987	0.999739
0.99987	0.99974
0.99987	0.99974
0.99987	0.99974
0.99987	0.999741
0.99987	0.999741
0.999871	0.999741
0.999871	0.999742
0.999871	0.999742
0.999871	0.999742
0.999871	0.999743
0.999871	0.999743
0.999872	0.999743
0.999872	0.999744
0.999872	0.999744
0.999872	0.999744
0.999872	0.999745
0.999872	0.999745
0.999873	0.999745
0.999873	0.999746
0.999873	0.999746
0.999873	0.999746
0.999873	0.999747
0.999873	0.999747
0.999874	0.999747
0.999874	0.999748
0.999874	0.999748
0.999874	0.999748
0.999874	0.999749
0.999874	0.999749
0.999875	0.999749
0.999875	0.999749
0.999875	0.99975
0.999875	0.99975
0.999875	0.99975
0.999875	0.999751
0.999875	0.999751
0.999876	0.999751
0.999876	0.999752
0.999876	0.999752
0.999876	0.999752
0.999876	0.999753
0.999876	0.999753
0.999877	0.999753
0.999877	0.999754
0.999877	0.999754
0.999877	0.999754
0.999877	0.999754
0.999877	0.999755
0.999877	0.999755
0.999878	0.999755
0.999878	0.999756
0.999878	0.999756
0.999878	0.999756
0.999878	0.999757
0.999878	0.999757
0.999879	0.999757
0.999879	0.999757
0.999879	0.999758
0.999879	0.999758
0.999879	0.999758
0.999879	0.999759
0.999879	0.999759
0.99988	0.999759
0.99988	0.999759
0.99988	0.99976
0.99988	0.99976
0.99988	0.99976
0.99988	0.999761
0.99988	0.999761
0.999881	0.999761
0.999881	0.999761
0.999881	0.999762
0.999881	0.999762
0.999881	0.999762
0.999881	0.999763
0.999881	0.999763
0.999882	0.999763
0.999882	0.999763
0.999882	0.999764
0.999882	0.999764
0.999882	0.999764
0.999882	0.999765
0.999882	0.999765
0.999883	0.999765
0.999883	0.999765
0.999883	0.999766
0.999883	0.999766
0.999883	0.999766
0.999883	0.999766
0.999883	0.999767
0.999883	0.999767
0.999884	0.999767
0.999884	0.999768
0.999884	0.999768
0.999884	0.999768
0.999884	0.999768
0.999884	0.999769
0.999884	0.999769
0.999885	0.999769
0.999885	0.999769
0.999885	0.99977
0.999885	0.99977
0.999885	0.99977
0.999885	0.99977
0.999885	0.999771
0.999885	0.999771
0.999886	0.999771
0.999886	0.999772
0.999886	0.999772
0.999886	0.999772
0.999886	0.999772
0.999886	0.999773
0.999886	0.999773
0.999887	0.999773
0.999887	0.999773
0.999887	0.999774
0.999887	0.999774
0.999887	0.999774
0.999887	0.999774
0.999887	0.999775
0.999887	0.999775
0.999888	0.999775
0.999888	0.999775
0.999888	0.999776
0.999888	0.999776
0.999888	0.999776
0.999888	0.999776
0.999888	0.999777
0.999888	0.999777
0.999889	0.999777
0.999889	0.999777
0.999889	0.999778
0.999889	0.999778
0.999889	0.999778
0.999889	0.999778
0.999889	0.999779
0.999889	0.999779
0.99989	0.999779
0.99989	0.999779
0.99989	0.99978
0.99989	0.99978
0.99989	0.99978
0.99989	0.99978
0.99989	0.999781
0.99989	0.999781
0.99989	0.999781
0.999891	0.999781
0.999891	0.999782
0.999891	0.999782
0.999891	0.999782
0.999891	0.999782
0.999891	0.999782
0.999891	0.999783
0.999891	0.999783
0.999892	0.999783
0.999892	0.999783
0.999892	0.999784
0.999892	0.999784
0.999892	0.999784
0.999892	0.999784
0.999892	0.999785
0.999892	0.999785
0.999892	0.999785
0.999893	0.999785
0.999893	0.999785
0.999893	0.999786
0.999893	0.999786
0.999893	0.999786
0.999893	0.999786
0.999893	0.999787
0.999893	0.999787
0.999894	0.999787
0.999894	0.999787
0.999894	0.999788
0.999894	0.999788
0.999894	0.999788
0.999894	0.999788
0.999894	0.999788
0.999894	0.999789
0.999894	0.999789
0.999895	0.999789
0.999895	0.999789
0.999895	0.99979
0.999895	0.99979
0.999895	0.99979
0.999895	0.99979
0.999895	0.99979
0.999895	0.999791
0.999895	0.999791
0.999896	0.999791
0.999896	0.999791
0.999896	0.999792
0.999896	0.999792
0.999896	0.999792
0.999896	0.999792
0.999896	0.999792
0.999896	0.999793
0.999896	0.999793
0.999897	0.999793
0.999897	0.999793
0.999897	0.999793
0.999897	0.999794
0.999897	0.999794
0.999897	0.999794
0.999897	0.999794
0.999897	0.999795
0.999897	0.999795
0.999897	0.999795
0.999898	0.999795
0.999898	0.999795
0.999898	0.999796
0.999898	0.999796
0.999898	0.999796
0.999898	0.999796
0.999898	0.999796
0.999898	0.999797
0.999898	0.999797
0.999898	0.999797
0.999899	0.999797
0.999899	0.999797
0.999899	0.999798
0.999899	0.999798
0.999899	0.999798
0.999899	0.999798
0.999899	0.999798
0.999899	0.999799
0.999899	0.999799
0.9999	0.999799
0.9999	0.999799
0.9999	0.999799
0.9999	0.9998
0.9999	0.9998
