0	8.65309
1	11.0091
2	11.4614
3	13.7165
4	13.2635
5	12.2788
6	10.0519
7	9.20963
8	10.8025
9	12.1753
10	12.783
11	13.1689
12	12.8576
13	11.1868
14	12.5947
15	12.3612
16	11.6961
17	13.0212
18	13.8406
19	13.0181
20	11.8996
21	13.3764
22	12.8601
23	12.0026
24	10.8575
25	12.1761
26	12.297
27	12.9824
28	13.0725
29	13.2972
30	13.1474
31	13.8386
32	9.10382
33	10.5607
34	13.4341
35	11.7573
36	11.8549
37	12.3173
38	12.8365
39	11.8431
40	13.0675
41	10.7919
42	11.3277
43	12.401
44	13.4982
45	11.3623
46	11.8972
47	13.4693
48	12.1641
49	12.2892
50	12.7473
51	12.6266
52	12.8591
53	12.615
54	13.1811
55	12.7614
56	13.4163
57	12.2108
58	12.3359
59	13.0976
60	12.3985
61	11.9108
62	13.1083
63	12.5971
64	11.9837
65	12.7686
66	13.1451
67	12.833
68	11.5823
69	12.271
70	12.2052
71	11.5661
72	12.5684
73	11.6587
74	12.8987
75	10.766
76	10.4622
77	12.119
78	10.3884
79	10.8141
80	13.33
81	11.9161
82	11.945
83	11.1222
84	11.2095
85	11.2174
86	12.3741
87	11.7506
88	13.0554
89	12.5764
90	12.7959
91	13.2598
92	13.4709
93	14.1072
94	14.4501
95	12.5553
96	12.7074
97	14.1294
98	13.2677
99	12.2527
100	11.3699
101	12.4026
102	12.3075
103	12.3102
104	12.5498
105	11.7781
106	11.7965
107	13.5352
108	13.39
109	12.2885
110	12.0811
111	12.8648
112	11.8646
113	10.6937
114	8.82484
115	11.375
116	12.4892
117	12.9257
118	12.4152
119	11.8383
120	13.0127
121	11.5005
122	12.884
123	13.3698
124	11.5657
125	11.5026
126	12.9273
127	11.705
128	12.6549
129	12.9304
130	12.988
131	11.2932
132	9.52064
133	12.016
134	13.0629
135	11.9795
136	11.7188
137	13.2166
138	11.392
139	12.487
140	11.8876
141	11.6425
142	12.3935
143	13.3817
144	11.9415
145	12.4244
146	12.781
147	12.3307
148	12.888
149	12.8453
150	12.9961
151	12.0796
152	11.4918
153	12.7053
154	11.9437
155	12.3736
156	11.3101
157	12.9464
158	11.8083
159	12.7251
160	11.5639
161	12.2489
162	10.6708
163	12.2566
164	12.6244
165	12.5142
166	13.2443
167	14.3581
168	13.1205
169	12.1933
170	12.2568
171	12.3779
172	11.4668
173	10.822
174	12.5513
175	15.0475
176	13.9596
177	13.4325
178	13.196
179	12.3145
180	13.5447
181	12.4599
182	12.4105
183	13.6546
184	11.7769
185	11.7232
186	11.0476
187	11.882
188	10.8402
189	12.1751
190	12.4568
191	13.3011
192	13.5908
193	12.3625
194	12.9682
195	12.6223
196	13.6199
197	12.485
198	11.2847
199	12.0383
200	11.9717
201	13.3747
202	13.1007
203	13.2093
204	13.5674
205	13.1503
206	13.0741
207	12.5267
208	13.4761
209	12.2118
210	13.0705
211	12.7505
212	10.096
213	13.236
214	12.4927
215	11.5398
216	11.9112
217	11.1642
218	12.3975
219	12.86
220	12.3167
221	11.1849
222	11.6097
223	11.1579
224	12.2093
225	11.7355
226	13.2032
227	11.8995
228	13.2412
229	11.5373
230	11.6218
231	12.303
232	12.7357
233	12.7588
234	12.0442
235	11.3925
236	11.9589
237	12.3666
238	12.7006
239	12.1597
240	13.6717
241	12.7506
242	13.0333
243	14.0756
244	12.942
245	13.3941
246	12.2995
247	11.7233
248	11.5388
249	12.7843
250	12.3549
251	11.4965
252	12.7317
253	13.1046
254	11.8563
255	13.4371
256	11.8179
257	13.02
258	11.7223
259	13.2647
260	10.7766
261	12.2414
262	11.799
263	12.9625
264	11.0304
265	12.0491
266	12.9032
267	10.8042
268	13.4167
269	14.0353
270	13.7861
271	13.3882
272	12.5314
273	11.8685
274	11.866
275	13.884
276	13.7262
277	12.9711
278	13.1314
279	13.5102
280	12.9107
281	13.2366
282	11.5491
283	12.7203
284	12.1119
285	13.1252
286	12.4419
287	11.4092
288	12.6519
289	11.5454
290	12.9483
291	12.3676
292	11.6968
293	12.4979
294	12.1936
295	12.6151
296	12.322
297	12.2866
298	13.3101
299	12.5339
300	13.0519
301	12.4545
302	11.632
303	13.5149
304	12.7125
305	13.4006
306	13.2779
307	11.391
308	13.4752
309	12.8388
310	10.4453
311	10.7023
312	11.1896
313	11.299
314	11.393
315	12.1013
316	13.7416
317	11.3353
318	10.9424
319	12.5093
320	12.2151
321	11.9908
322	13.3176
323	11.8837
324	11.8182
325	11.9095
326	11.8894
327	12.5679
328	12.3743
329	11.942
330	11.5767
331	13.2895
332	12.2319
333	11.4602
334	12.3659
335	10.8715
336	11.3089
337	12.5065
338	12.7919
339	14.2515
340	12.471
341	12.3967
342	12.3281
343	13.73
344	12.9372
345	11.6498
346	15.3361
347	13.0467
348	12.4017
349	14.1394
350	12.0393
351	11.8431
352	11.4538
353	11.0618
354	11.43
355	11.9809
356	12.4385
357	12.8731
358	12.4913
359	11.8161
360	13.6955
361	13.0154
362	12.1204
363	9.43625
364	9.30076
365	9.83947
366	10.5001
367	10.5445
368	11.5439
369	12.0906
370	11.1571
371	11.6708
372	11.3057
373	12.7761
374	11.8959
375	12.8857
376	13.4789
377	12.6141
378	12.7178
379	11.2083
380	8.79444
381	11.9234
382	11.6377
383	12.4757
384	11.9617
385	12.0998
386	12.8495
387	13.5315
388	11.4075
389	11.826
390	13.6184
391	15.4422
392	12.6055
393	13.1387
394	11.7166
395	13.1786
396	12.2586
397	13.2983
398	12.6102
399	12.6049
400	10.291
401	11.9196
402	11.5374
403	10.5005
404	12.7953
405	12.4548
406	13.2991
407	11.7392
408	13.1586
409	12.8394
410	8.4204
411	11.8477
412	13.0638
413	12.3992
414	12.5195
415	11.8923
416	11.6387
417	11.5029
418	11.9264
419	11.2264
420	12.7122
421	13.0945
422	12.4263
423	13.8273
424	13.927
425	14.5414
426	13.9643
427	12.0568
428	10.9054
429	11.5782
430	12.0881
431	10.663
432	11.3345
433	12.0199
434	11.4852
435	12.1594
436	12.0474
437	11.1832
438	11.7699
439	12.2379
440	12.3401
441	12.4956
442	12.721
443	13.188
444	14.2679
445	13.6453
446	13.9283
447	12.9035
448	12.85
449	11.633
450	11.582
451	12.8023
452	13.9809
453	14.891
454	12.221
455	13.3495
456	12.8774
457	12.715
458	12.5938
459	11.1897
460	11.0221
461	11.6941
462	11.4754
463	11.6963
464	11.4085
465	11.5226
466	11.9829
467	12.3368
468	10.2729
469	11.7741
470	13.9542
471	11.9689
472	13.0991
473	11.3959
474	12.8476
475	12.3796
476	12.9332
477	12.6685
478	12.0344
479	12.1575
480	11.6768
481	12.039
482	11.1611
483	11.5309
484	12.3391
485	12.4766
486	12.2629
487	12.9391
488	12.5092
489	11.741
490	11.0096
491	13.9917
492	13.4946
493	12.0963
494	12.3704
495	14.0001
496	11.205
497	12.2959
498	12.4525
499	11.1717
500	10.213
501	12.306
502	11.0453
503	12.562
504	12.1001
505	12.5244
506	12.3843
507	10.7332
508	11.2255
509	13.2837
510	15.0118
511	12.5601
512	11.8747
513	12.9264
514	14.1735
515	12.3198
516	12.4538
517	11.6724
518	12.0112
519	13.4165
520	13.471
521	13.5011
522	13.0739
523	13.1513
524	13.1293
525	11.8021
526	11.4014
527	12.2173
528	12.5049
529	11.8479
530	11.6792
531	11.7608
532	12.2918
533	11.1803
534	10.8272
535	12.4781
536	11.8602
537	12.2344
538	13.49
539	12.4845
540	12.9699
541	12.8442
542	12.6341
543	12.7908
544	13.237
545	12.0088
546	9.68162
547	11.4079
548	11.2154
549	9.88816
550	12.0042
551	11.8237
552	11.6735
553	12.5336
554	13.1437
555	11.1104
556	11.8947
557	11.3971
558	12.8363
559	12.0607
560	11.4055
561	11.5361
562	11.84
563	10.9069
564	12.3548
565	11.5665
566	12.7198
567	11.6755
568	11.7005
569	13.2503
570	12.3682
571	12.3656
572	13.5239
573	13.4457
574	11.7853
575	13.2154
576	11.1112
577	11.9497
578	11.2994
579	11.1366
580	10.3615
581	10.6598
582	12.3335
583	12.3874
584	14.0872
585	11.6471
586	12.4858
587	11.5946
588	12.1249
589	11.4128
590	13.1518
591	12.459
592	13.8686
593	11.3539
594	11.2311
595	12.9282
596	13.908
597	12.3138
598	13.5444
599	12.7036
600	13.0301
601	11.1531
602	11.5816
603	11.9849
604	13.0496
605	11.2708
606	12.7772
607	12.7377
608	12.5054
609	13.7108
610	14.2464
611	12.7626
612	12.0299
613	11.4088
614	13.7496
615	13.0045
616	12.5794
617	11.9979
618	14.3602
619	14.0347
620	13.1751
621	13.7342
622	13.6183
623	12.6946
624	13.1012
625	12.1022
626	11.8722
627	12.9697
628	12.8676
629	14.2374
630	13.9032
631	13.2475
632	14.13
633	13.9583
634	13.4114
635	13.2538
636	11.9632
637	12.0348
638	12.6673
639	11.1871
640	11.3716
641	12.1663
642	12.237
643	12.5582
644	12.6923
645	12.1569
646	11.9739
647	10.9751
648	9.46387
649	11.3244
650	11.8441
651	12.9386
652	12.109
653	12.1027
654	11.3614
655	12.8165
656	13.6018
657	13.7357
658	13.6918
659	10.5635
660	12.2742
661	12.7126
662	11.9528
663	11.1558
664	11.6595
665	12.5208
666	13.1188
667	12.8775
668	13.3672
669	13.3851
670	12.3276
671	12.8121
672	12.8181
673	12.2305
674	12.7035
675	13.0516
676	12.6773
677	12.2355
678	12.7599
679	11.6384
680	12.8346
681	12.9809
682	13.2594
683	12.6896
684	11.6783
685	13.0518
686	11.4618
687	12.0353
688	12.6712
689	13.2159
690	11.9328
691	12.6002
692	13.2085
693	12.2857
694	12.3471
695	11.4611
696	11.0726
697	12.5798
698	12.805
699	11.5609
700	11.9529
701	12.6466
702	12.8856
703	12.083
704	13.2979
705	12.459
706	11.2497
707	11.129
708	12.0081
709	11.7736
710	12.9854
711	10.7539
712	10.5123
713	11.6706
714	11.6872
715	12.5324
716	12.2567
717	12.2667
718	12.0756
719	13.328
720	12.3635
721	11.6201
722	11.9851
723	11.0603
724	12.3225
725	13.6076
726	13.4907
727	13.2204
728	13.3297
729	14.7797
730	13.6204
731	13.0177
732	13.1884
733	11.5621
734	11.1947
735	12.3067
736	12.5886
737	11.013
738	13.4297
739	12.8707
740	14.9081
741	12.7988
742	12.6215
743	12.6787
744	12.6484
745	12.5979
746	13.3263
747	12.2355
748	13.6217
749	11.2445
750	12.9528
751	13.3314
752	12.9255
753	12.7228
754	12.8495
755	12.8146
756	10.7986
757	11.6988
758	12.1225
759	12.2868
760	12.0362
761	11.8229
762	10.5326
763	12.0323
764	9.49174
765	12.659
766	12.4055
767	12.3157
768	11.8728
769	11.9251
770	11.4395
771	11.3305
772	11.3563
773	9.84676
774	11.2243
775	12.156
776	9.93741
777	10.8307
778	12.3857
779	12.4964
780	11.5962
781	11.3234
782	10.4439
783	11.3526
784	11.8067
785	12.3688
786	13.3351
787	11.2891
788	10.6692
789	12.0639
790	11.3676
791	12.0664
792	12.7906
793	12.4084
794	14.3025
795	13.4712
796	14.1467
797	12.4695
798	13.817
799	13.0905
800	12.4078
801	12.2217
802	13.0109
803	13.644
804	12.3465
805	12.6185
806	12.6018
807	12.6232
808	12.2045
809	11.6949
810	12.0508
811	12.234
812	11.777
813	12.7889
814	10.8952
815	11.7871
816	12.2793
817	13.1728
818	12.014
819	11.2965
820	12.9881
821	13.2544
822	13.309
823	10.1961
824	12.6904
825	12.9419
826	12.4513
827	12.7237
828	14.1711
829	12.2904
830	12.8425
831	12.2014
832	11.8938
833	10.6527
834	12.3929
835	12.4422
836	12.13
837	12.8761
838	12.2509
839	13.3226
840	12.88
841	12.8299
842	11.7275
843	12.2675
844	12.3574
845	11.9705
846	12.4245
847	12.4608
848	15.0485
849	12.5486
850	13.6971
851	13.1549
852	13.1612
853	12.637
854	12.5106
855	13.6987
856	12.6633
857	13.1597
858	13.3364
859	10.6417
860	12.5624
861	12.4452
862	13.0331
863	13.021
864	11.9547
865	13.0431
866	13.9512
867	13.5299
868	12.6074
869	11.1367
870	10.9489
871	12.7119
872	12.8181
873	12.4962
874	10.9132
875	10.5776
876	10.639
877	12.471
878	14.0779
879	12.5406
880	12.9475
881	11.6204
882	13.7063
883	11.8663
884	10.2021
885	11.0809
886	11.908
887	11.6019
888	11.7785
889	13.09
890	11.4632
891	12.5124
892	11.6076
893	12.2009
894	11.9826
895	11.3214
896	11.6534
897	13.1168
898	13.4371
899	12.6096
900	9.25218
901	10.9181
902	13.2757
903	13.6733
904	12.1559
905	12.0267
906	11.7687
907	12.3543
908	11.8546
909	13.228
910	12.3258
911	12.1092
912	12.8898
913	11.8241
914	12.0416
915	11.457
916	10.989
917	12.4052
918	12.7653
919	11.292
920	12.2332
921	12.807
922	13.6633
923	13.6356
924	13.1674
925	10.8974
926	11.9968
927	12.7536
928	13.389
929	11.9782
930	12.1884
931	12.2634
932	12.0332
933	13.2777
934	10.9849
935	11.0615
936	10.1581
937	10.5921
938	12.6843
939	12.4053
940	12.5846
941	11.1019
942	11.0013
943	10.2967
944	11.6853
945	12.5921
946	12.2051
947	9.63295
948	13.2287
949	11.6377
950	13.1604
951	12.6666
952	12.3233
953	12.8351
954	11.8701
955	11.9115
956	12.9642
957	12.3211
958	12.6737
959	12.6262
960	12.2925
961	12.2862
962	13.2047
963	11.9199
964	13.214
965	12.694
966	12.4438
967	10.3772
968	11.6825
969	12.9944
970	11.5269
971	13.2125
972	12.9242
973	12.1364
974	12.3014
975	13.8333
976	12.1727
977	12.3836
978	12.3697
979	13.0613
980	13.0224
981	11.3668
982	11.2235
983	11.416
984	11.8198
985	12.417
986	10.9817
987	10.8041
988	11.9988
989	11.0443
990	11.1377
991	12.9968
992	13.571
993	11.6077
994	12.2159
995	13.4146
996	13.6194
997	14.2902
998	13.4297
999	13.0889
